Tamanho N	Testes	    Movimentacoes    Tempo	Semente
1000		998001		688659		0	10
1000		998001		758391		0	100
1000		998001		768882		0	1000
1000		998001		749412		0	10000
1000		998001		768807		0	100000
1000		998001		763977		0	1000000
5000		24990001	16816575	2	10
5000		24990001	18401769	3	100
5000		24990001	18912321	2	1000
5000		24990001	18955143	2	10000
5000		24990001	18978006	3	100000
5000		24990001	18893400	2	1000000
10000		99980001	67946550	12	10
10000		99980001	73946862	13	100
10000		99980001	74402832	12	1000
10000		99980001	75643314	11	10000
10000		99980001	74686389	11	100000
10000		99980001	74274459	12	1000000
50000		2499900001	1692375558	353	10
50000		2499900001	1850540394	603	100
50000		2499900001	1871961795	527	1000
50000		2499900001	1883627457	513	10000
50000		2499900001	1872111915	460	100000
50000		2499900001	1865656203	450	1000000
100000		9999800001	6745184700	1778	10
100000		9999800001	7412704137	1818	100
100000		9999800001	7489244313	1727	1000
100000		9999800001	7484974197	1835	10000
100000		9999800001	7492374444	1783	100000
100000		9999800001	7501660128	1831	1000000

Media total de trocas: 59540520
 Media total de Movimentações: 178621560 
