Tamanho N:       Tempo:           Testes:           Movimentacoes:              Semente:
1000               0               229277                  687828                   10

1000               0               252200                  756597                   100

1000               0               255882                  767643                   1000

1000               0               249771                  749310                   10000

1000               0               255334                  765999                   100000

1000               0               254212                  762633                   1000000

5000               0               5605041                  16815120                   10

5000               0               6131720                  18395157                   100

5000               0               6302219                  18906654                   1000

5000               0               6316797                  18950388                   10000

5000               0               6322766                  18968295                   100000

5000               0               6295443                  18886326                   1000000

10000               0               22643870                  67931607                   10

10000               0               24640892                  73922673                   100

10000               0               24798615                  74395842                   1000

10000               0               25213846                  75641535                   10000

10000               0               24891904                  74675709                   100000

10000               0               24754461                  74263380                   1000000

50000               3               564085042                  1692255123                   10

50000               3               616827780                  1850483337                   100

50000               4               623948246                  1871844735                   1000

50000               3               627809671                  1883429010                   10000

50000               4               624031589                  1872094764                   100000

50000               3               621835806                  1865507415                   1000000

100000               13               2248364928                  6745094781                   10

100000               15               2470900377                  7412701128                   100

100000               15               2496371782                  7489115343                   1000

100000               15               2494970129                  7484910384                   10000

100000               15               2497435611                  7492306830                   100000

100000               15               2500493222                  7501479663                   1000000

500000               339               56339127382                  169017382143                   10

500000               372               61897847452                  185693542353                   100

500000               381               62451850538                  187355551611                   1000

500000               376               62440871700                  187322615097                   10000

500000               376               62590273562                  187770820683                   100000

500000               375               62499823368                  187499470101                   1000000

1000000               1354               225147673900                  675443021697                   10

1000000               1489               247589333082                  742767999243                   100

1000000               1501               249549183367                  748647550098                   1000

1000000               1504               249918339952                  749755019853                   10000

1000000               1503               249992799714                  749978399139                   100000

1000000               1617               250161109139                  750483327414                   1000000

Media total de comparações: 44265493371
 Media total de Movimentações: 17868650653 
