Tamanho N:       Tempo:           Testes:           Movimentacoes:              Semente:
1000               0               3056                  11418                   10

1000               0               6461                  9165                   100

1000               0               8743                  7851                   1000

1000               0               7899                  7668                   10000

1000               0               7731                  7833                   100000

1000               0               8354                  7731                   1000000

5000               0               20101                  73722                   10

5000               0               32096                  61314                   100

5000               0               39980                  52290                   1000

5000               0               44105                  47790                   10000

5000               0               45743                  47445                   100000

5000               0               47175                  47010                   1000000

10000               0               29589                  163368                   10

10000               0               54538                  138381                   100

10000               0               81087                  116271                   1000

10000               0               96996                  104094                   10000

10000               0               108044                  100701                   100000

10000               0               107805                  100176                   1000000

50000               0               137017                  997119                   10

50000               0               340087                  857922                   100

50000               0               412018                  738132                   1000

50000               0               558058                  633573                   10000

50000               0               640001                  592782                   100000

50000               0               648762                  581877                   1000000

100000               0               278086                  2141514                   10

100000               0               590834                  1869186                   100

100000               0               880839                  1613139                   1000

100000               0               1163961                  1387725                   10000

100000               0               1325489                  1268991                   100000

100000               0               1365739                  1238562                   1000000

500000               0               1068906                  12461208                   10

500000               0               2730724                  11094417                   100

500000               0               4187302                  9790842                   1000

500000               0               6137382                  8466639                   10000

500000               0               7607561                  7455468                   100000

500000               0               7760019                  7079034                   1000000

1000000               0               2845404                  26353461                   10

1000000               0               5758314                  23671065                   100

1000000               0               8522094                  21014475                   1000

1000000               0               12698726                  18376758                   10000

1000000               0               13787393                  16265982                   100000

1000000               0               16840892                  14900925                   1000000

Media total de comparações: 2357979
 Media total de Movimentações: 354784 
