Tamanho N:       Tempo:           Testes:           Movimentacoes:              Semente:
1000               0               499500                  2997                   10

1000               0               499500                  2997                   100

1000               0               499500                  2997                   1000

1000               0               499500                  2997                   10000

1000               0               499500                  2997                   100000

1000               0               499500                  2997                   1000000

5000               0               12497500                  14997                   10

5000               0               12497500                  14997                   100

5000               0               12497500                  14997                   1000

5000               0               12497500                  14997                   10000

5000               0               12497500                  14997                   100000

5000               0               12497500                  14997                   1000000

10000               0               49995000                  29997                   10

10000               0               49995000                  29997                   100

10000               0               49995000                  29997                   1000

10000               0               49995000                  29997                   10000

10000               0               49995000                  29997                   100000

10000               0               49995000                  29997                   1000000

50000               8               1249975000                  149997                   10

50000               8               1249975000                  149997                   100

50000               8               1249975000                  149997                   1000

50000               8               1249975000                  149997                   10000

50000               8               1249975000                  149997                   100000

50000               8               1249975000                  149997                   1000000

100000               32               4999950000                  299997                   10

100000               31               4999950000                  299997                   100

100000               31               4999950000                  299997                   1000

100000               31               4999950000                  299997                   10000

100000               30               4999950000                  299997                   100000

100000               30               4999950000                  299997                   1000000

500000               825               124999750000                  1499997                   10

500000               819               124999750000                  1499997                   100

500000               795               124999750000                  1499997                   1000

500000               838               124999750000                  1499997                   10000

500000               814               124999750000                  1499997                   100000

500000               807               124999750000                  1499997                   1000000

1000000               3288               499999500000                  2999997                   10

1000000               3241               499999500000                  2999997                   100

1000000               3302               499999500000                  2999997                   1000

1000000               3330               499999500000                  2999997                   10000

1000000               3247               499999500000                  2999997                   100000

1000000               2821               499999500000                  2999997                   1000000

Media total de trocas: 90187452429
 Media total de Movimentações: 71428 
