Tamanho N:       Tempo:           Testes:           Movimentacoes:              Semente:
1000               0               998001                  688659                   10

1000               0               998001                  758391                   100

1000               0               998001                  768882                   1000

1000               0               998001                  749412                   10000

1000               0               998001                  768807                   100000

1000               0               998001                  763977                   1000000

5000               0               24990001                  16816575                   10

5000               0               24990001                  18401769                   100

5000               0               24990001                  18912321                   1000

5000               0               24990001                  18955143                   10000

5000               0               24990001                  18978006                   100000

5000               0               24990001                  18893400                   1000000

10000               0               99980001                  67946550                   10

10000               0               99980001                  73946862                   100

10000               0               99980001                  74402832                   1000

10000               0               99980001                  75643314                   10000

10000               0               99980001                  74686389                   100000

10000               0               99980001                  74274459                   1000000

50000               14               2499900001                  1692375558                   10

50000               14               2499900001                  1850540394                   100

50000               15               2499900001                  1871961795                   1000

50000               14               2499900001                  1883627457                   10000

50000               14               2499900001                  1872111915                   100000

50000               15               2499900001                  1865656203                   1000000

100000               57               9999800001                  6745184700                   10

100000               57               9999800001                  7412704137                   100

100000               58               9999800001                  7489244313                   1000

100000               58               9999800001                  7484974197                   10000

100000               57               9999800001                  7492374444                   100000

100000               59               9999800001                  7501660128                   1000000

Media total de trocas: 1803666858
 Media total de Movimentações: 178610955 
