Tamanho N:       Tempo:           Testes:           Movimentacoes:              Semente:
1000               0               3986                  9987                   10

1000               0               4394                  9987                   100

1000               0               4437                  9987                   1000

1000               0               4384                  9987                   10000

1000               0               4427                  9987                   100000

1000               0               4343                  9987                   1000000

5000               0               25858                  61822                   10

5000               0               27910                  61822                   100

5000               0               28222                  61822                   1000

5000               0               28283                  61822                   10000

5000               0               28132                  61822                   100000

5000               0               28213                  61822                   1000000

10000               0               55954                  133631                   10

10000               0               60762                  133631                   100

10000               0               61345                  133631                   1000

10000               0               61146                  133631                   10000

10000               0               61450                  133631                   100000

10000               0               61316                  133631                   1000000

50000               0               331044                  784481                   10

50000               0               360480                  784481                   100

50000               0               362798                  784481                   1000

50000               0               363434                  784481                   10000

50000               0               363235                  784481                   100000

50000               0               363106                  784481                   1000000

100000               0               706231                  1668946                   10

100000               0               770149                  1668946                   100

100000               0               775786                  1668946                   1000

100000               0               776499                  1668946                   10000

100000               0               776800                  1668946                   100000

100000               0               776576                  1668946                   1000000

500000               0               4040374                  9475732                   10

500000               0               4410931                  9475732                   100

500000               0               4444468                  9475732                   1000

500000               0               4447347                  9475732                   10000

500000               0               4447517                  9475732                   100000

500000               0               4446958                  9475732                   1000000

1000000               0               8536204                  19951445                   10

1000000               0               9317303                  19951445                   100

1000000               0               9389090                  19951445                   1000

1000000               0               9396025                  19951445                   10000

1000000               0               9395096                  19951445                   100000

1000000               0               9395003                  19951445                   1000000

Media total de comparações: 2117786
 Media total de Movimentações: 475034 
