Tamanho N:       Tempo:           Testes:           Movimentacoes:              Semente:
1000               0               3101                  9300                   10

1000               0               6990                  20967                   100

1000               0               9773                  29316                   1000

1000               0               8441                  25320                   10000

1000               0               9212                  27633                   100000

1000               0               8828                  26481                   1000000

5000               0               16737                  50208                   10

5000               0               45705                  137112                   100

5000               0               58707                  176118                   1000

5000               0               66326                  198975                   10000

5000               0               68873                  206616                   100000

5000               0               72770                  218307                   1000000

10000               0               36661                  109980                   10

10000               0               97711                  293130                   100

10000               0               138559                  415674                   1000

10000               0               159993                  479976                   10000

10000               0               165105                  495312                   100000

10000               0               160899                  482694                   1000000

50000               0               187175                  561522                   10

50000               0               614033                  1842096                   100

50000               0               1033007                  3099018                   1000

50000               0               1174330                  3522987                   10000

50000               0               1165546                  3496635                   100000

50000               0               1392077                  4176228                   1000000

100000               0               390859                  1172574                   10

100000               0               1134380                  3403137                   100

100000               0               2205709                  6617124                   1000

100000               0               2943415                  8830242                   10000

100000               0               2759417                  8278248                   100000

100000               0               2773514                  8320539                   1000000

500000               0               1960012                  5880033                   10

500000               0               6544433                  19633296                   100

500000               0               15301060                  45903177                   1000

500000               0               19871272                  59613813                   10000

500000               0               21923756                  65771265                   100000

500000               0               20396860                  61190577                   1000000

1000000               0               3876927                  11630778                   10

1000000               0               12967277                  38901828                   100

1000000               0               29755804                  89267409                   1000

1000000               0               47124516                  141373545                   10000

1000000               0               49660288                  148980861                   100000

1000000               0               54263275                  162789822                   1000000

Media total de trocas: 7203651
 Media total de Movimentações: 3875948 
