Tamanho N:       Tempo:           Testes:           Movimentacoes:              Semente:
1000               0               9833                  24525                   10

1000               0               11537                  27063                   100

1000               0               11641                  27231                   1000

1000               0               11770                  27405                   10000

1000               0               11662                  27201                   100000

1000               0               11681                  27192                   1000000

5000               0               64621                  155253                   10

5000               0               74581                  170010                   100

5000               0               75511                  171006                   1000

5000               0               75525                  171027                   10000

5000               0               75687                  171288                   100000

5000               0               75684                  171270                   1000000

10000               0               142107                  337857                   10

10000               0               164333                  370116                   100

10000               0               166216                  372597                   1000

10000               0               166035                  372324                   10000

10000               0               166220                  372348                   100000

10000               0               166291                  372561                   1000000

50000               0               859045                  2000673                   10

50000               0               992003                  2195328                   100

50000               0               1005205                  2211225                   1000

50000               0               1006155                  2211129                   10000

50000               0               1006753                  2212761                   100000

50000               0               1006532                  2213046                   1000000

100000               0               1841177                  4254228                   10

100000               0               2133926                  4687935                   100

100000               0               2160058                  4722171                   1000

100000               0               2162548                  4724577                   10000

100000               0               2163226                  4724781                   100000

100000               0               2163153                  4724754                   1000000

500000               0               10692315                  24344907                   10

500000               0               12376090                  26832720                   100

500000               0               12541778                  27052884                   1000

500000               0               12557922                  27070167                   10000

500000               0               12558624                  27071310                   100000

500000               0               12559942                  27070929                   1000000

1000000               0               22639593                  51335037                   10

1000000               0               26227734                  56632962                   100

1000000               0               26584800                  57104235                   1000

1000000               0               26616450                  57143076                   10000

1000000               0               26619805                  57146016                   100000

1000000               0               26619512                  57142947                   1000000

Media total de trocas: 5918459
 Media total de Movimentações: 1360546 
